2 0.726343 0.826324 0.206338 0.194608 0.763136
2 0.313395 0.636529 0.134949 0.116307 0.738917
2 0.707045 0.551929 0.134086 0.119757 0.695087
2 0.695946 0.451474 0.0953878 0.0757895 0.682474
2 0.142742 0.479426 0.112251 0.0975561 0.629434
2 0.921427 0.552034 0.146464 0.122701 0.559385
2 0.792286 0.376103 0.0691708 0.059298 0.552203
2 0.267511 0.260616 0.0852537 0.080946 0.495942
2 0.0495924 0.309402 0.0581714 0.0524902 0.475679
2 0.264709 0.405473 0.0705598 0.063168 0.400459
2 0.650013 0.346831 0.0548684 0.0418554 0.274964
6 0.267589 0.261162 0.0836149 0.0815699 0.269515
2 0.67092 0.384401 0.0674226 0.0500706 0.26035
