0 0.0822633 0.645678 0.164527 0.428222 0.680345
2 0.549555 0.308564 0.227919 0.204635 0.62281
0 0.218121 0.567493 0.178269 0.387027 0.584084
2 0.190955 0.373025 0.341696 0.302903 0.458085
0 0.972383 0.267501 0.0547764 0.108309 0.43061
0 0.425131 0.574053 0.203238 0.411901 0.427933
0 0.835759 0.552648 0.13447 0.345484 0.416395
2 0.802289 0.360749 0.336781 0.255308 0.39819
0 0.726195 0.590635 0.208839 0.405004 0.394193
0 0.84246 0.553557 0.190719 0.357058 0.35582
2 0.398672 0.195991 0.133393 0.135594 0.298002
0 0.72556 0.573881 0.151942 0.362299 0.286083
2 0.552643 0.180755 0.156952 0.0991873 0.285137
2 0.267807 0.278209 0.229671 0.161919 0.279293
