2 0.213911 0.847906 0.236697 0.209656 0.764338
2 0.684104 0.63648 0.1303 0.110414 0.754547
2 0.774643 0.766271 0.198956 0.184036 0.740449
2 0.407986 0.682016 0.162754 0.143837 0.68901
2 0.0498475 0.687966 0.099695 0.143093 0.658823
2 0.151326 0.631467 0.144818 0.130711 0.649302
2 0.295639 0.55998 0.104581 0.0884809 0.637911
6 0.399317 0.447806 0.100898 0.120394 0.420603
6 0.444805 0.560991 0.100914 0.100987 0.407209
2 0.658894 0.569703 0.105594 0.0839219 0.398155
2 0.0316489 0.486421 0.0632979 0.0713062 0.313834
