2 0.767784 0.882977 0.33108 0.231285 0.665035
2 0.0860681 0.750465 0.171929 0.198197 0.650761
2 0.347732 0.899236 0.319015 0.201528 0.594259
2 0.258763 0.952334 0.336774 0.095332 0.585072
2 0.114953 0.668042 0.215427 0.168678 0.547436
2 0.947655 0.549189 0.10469 0.131985 0.431359
2 0.409644 0.795333 0.258458 0.210213 0.415549
2 0.970456 0.622189 0.0590874 0.153404 0.398259
2 0.0329211 0.823891 0.0658423 0.252707 0.371831
2 0.693965 0.96239 0.331301 0.0752209 0.35586
2 0.437475 0.737267 0.239478 0.162998 0.336883
2 0.387602 0.819438 0.289092 0.221329 0.336469
2 0.773824 0.654833 0.229368 0.158802 0.335449
2 0.221958 0.589249 0.159303 0.142605 0.314855
