2 0.750294 0.877071 0.410938 0.245858 0.735463
2 0.0503395 0.411641 0.100588 0.0995619 0.627552
2 0.948967 0.464067 0.102066 0.137567 0.623963
2 0.705167 0.629783 0.260588 0.200567 0.565353
2 0.235052 0.399384 0.115767 0.108915 0.463513
6 0.885833 0.352482 0.128573 0.140576 0.44945
2 0.73442 0.529579 0.18944 0.118638 0.348493
2 0.720365 0.794242 0.305314 0.229719 0.332282
2 0.737872 0.841768 0.35113 0.316463 0.282227
2 0.907464 0.423822 0.119527 0.104328 0.279478
6 0.372035 0.366067 0.108858 0.115753 0.259411
