2 0.799088 0.913473 0.218495 0.173054 0.753126
2 0.451261 0.673212 0.178747 0.156116 0.750927
2 0.728847 0.640074 0.150179 0.146874 0.736467
2 0.398713 0.86253 0.202856 0.179927 0.708202
2 0.515325 0.515162 0.115683 0.105397 0.633807
6 0.195679 0.291928 0.213569 0.214886 0.62979
2 0.762827 0.522528 0.120217 0.10944 0.61901
6 0.743246 0.421506 0.136611 0.144755 0.568103
2 0.680964 0.332879 0.0791899 0.0675203 0.464332
2 0.058034 0.439324 0.111736 0.0990341 0.350327
2 0.676453 0.257623 0.069256 0.0654206 0.316705
2 0.0259625 0.556755 0.0519249 0.122775 0.271234
2 0.328586 0.298249 0.0812535 0.068953 0.267446
