2 0.147086 0.501129 0.159939 0.137304 0.784641
2 0.693052 0.897897 0.365307 0.204205 0.746103
2 0.65605 0.684437 0.262266 0.205627 0.630261
2 0.325707 0.374287 0.115673 0.0967717 0.608792
2 0.555044 0.56557 0.189507 0.156242 0.601388
2 0.575449 0.444305 0.161241 0.127478 0.517352
6 0.10646 0.288457 0.115083 0.137608 0.39287
2 0.543732 0.385936 0.146703 0.116926 0.345604
2 0.55292 0.401606 0.156007 0.15187 0.33339
2 0.23536 0.325127 0.0852282 0.0757254 0.313571
4 0.367626 0.782084 0.38723 0.435663 0.295451
