0 0.407094 0.6339 0.138025 0.217777 0.682278
0 0.740391 0.612313 0.136574 0.256981 0.613663
0 0.253544 0.71358 0.133347 0.23822 0.519194
0 0.38332 0.196812 0.105784 0.205084 0.495741
0 0.882455 0.666553 0.116223 0.234065 0.484714
0 0.532834 0.514454 0.125817 0.214191 0.477912
0 0.0920421 0.459107 0.125875 0.273817 0.422853
0 0.621483 0.842763 0.169902 0.312849 0.391573
0 0.147913 0.132363 0.0874799 0.17985 0.38588
0 0.221874 0.22688 0.110019 0.182773 0.314094
0 0.844749 0.881055 0.150928 0.237797 0.304214
0 0.904805 0.663554 0.163743 0.247938 0.277629
