0 0.616777 0.810326 0.0560839 0.0955549 0.619963
0 0.812622 0.82144 0.0647123 0.106478 0.574454
0 0.40394 0.804255 0.0415056 0.0796085 0.566227
0 0.481721 0.810854 0.0451507 0.0817327 0.564215
0 0.558625 0.816239 0.0480877 0.0793375 0.561726
0 0.284814 0.798691 0.0498661 0.0910007 0.498786
0 0.365769 0.817499 0.0376236 0.0611935 0.498014
0 0.51321 0.812116 0.0402194 0.073283 0.492852
0 0.442259 0.815955 0.0443802 0.0903999 0.414646
0 0.333387 0.818977 0.0387385 0.0606066 0.386034
0 0.75736 0.821186 0.0447707 0.074206 0.338238
0 0.932686 0.822483 0.0505714 0.0805914 0.266062
