0 0.109131 0.397881 0.111077 0.223456 0.681456
0 0.249126 0.24497 0.0975908 0.229107 0.587076
2 0.927085 0.229935 0.145829 0.164281 0.543292
0 0.922696 0.537274 0.107827 0.19085 0.537257
0 0.806802 0.484844 0.117227 0.289615 0.531668
0 0.140692 0.612709 0.107986 0.186143 0.530003
0 0.364685 0.531823 0.0955435 0.16776 0.497164
0 0.403271 0.386326 0.0974397 0.224395 0.427518
2 0.936092 0.215563 0.127815 0.128978 0.415767
0 0.290605 0.407887 0.0872348 0.173548 0.382767
0 0.037775 0.259428 0.0753736 0.210267 0.36032
0 0.683394 0.545675 0.102701 0.157959 0.353665
0 0.11364 0.25191 0.084123 0.15665 0.333009
0 0.263641 0.580657 0.109742 0.193496 0.322845
0 0.591463 0.467125 0.0898234 0.234973 0.313198
0 0.873932 0.452548 0.108084 0.217024 0.309509
0 0.5132 0.463014 0.10057 0.27687 0.307507
0 0.0262628 0.351916 0.0525255 0.276754 0.302217
0 0.691412 0.423819 0.108329 0.224149 0.296369
0 0.774065 0.427953 0.090354 0.211065 0.291111
0 0.0328286 0.591557 0.0656571 0.24646 0.273934
0 0.114586 0.247422 0.0662102 0.135736 0.268911
