2 0.821366 0.131786 0.175532 0.146077 0.759048
2 0.388434 0.0840504 0.184404 0.144734 0.694243
2 0.869425 0.415226 0.190257 0.168044 0.678579
0 0.690979 0.37206 0.0719934 0.158247 0.67641
2 0.943578 0.277674 0.112844 0.164647 0.647899
2 0.275618 0.256619 0.223294 0.234065 0.584369
0 0.692089 0.629114 0.0702071 0.13135 0.556509
0 0.632818 0.339522 0.0739705 0.168187 0.541304
0 0.540688 0.452453 0.0883719 0.171039 0.529035
0 0.632564 0.55582 0.0715393 0.149644 0.518857
0 0.536517 0.66817 0.0825487 0.192745 0.474022
0 0.780971 0.380835 0.0665596 0.155617 0.430148
0 0.471503 0.680693 0.0873338 0.177341 0.405881
0 0.353651 0.697721 0.0761711 0.164182 0.397394
0 0.582764 0.0410178 0.0503826 0.0820356 0.341505
0 0.716625 0.457164 0.0863894 0.150432 0.257916
