0 0.115813 0.627719 0.0856815 0.219466 0.601248
0 0.254925 0.207816 0.0728593 0.171313 0.584207
0 0.290666 0.639382 0.0812304 0.186905 0.555843
0 0.108994 0.113646 0.0630821 0.170953 0.529082
0 0.0761961 0.459904 0.0919784 0.164814 0.503249
0 0.540859 0.577406 0.0731987 0.17143 0.494762
0 0.441567 0.0838005 0.094662 0.167053 0.485554
0 0.701678 0.889457 0.141538 0.220611 0.473738
0 0.480333 0.451717 0.0826406 0.175663 0.464384
0 0.600625 0.573613 0.08353 0.179547 0.454686
0 0.865237 0.396367 0.116499 0.222691 0.398647
0 0.549247 0.150472 0.0602547 0.126743 0.384437
0 0.702045 0.152208 0.0744577 0.155351 0.371202
0 0.195951 0.648789 0.0938849 0.204535 0.337631
0 0.0733875 0.634875 0.07143 0.186734 0.315146
0 0.195026 0.619263 0.102114 0.271816 0.28357
0 0.357423 0.196041 0.0812766 0.164147 0.257218
