0 0.556978 0.839095 0.0735603 0.121017 0.633631
0 0.846771 0.835864 0.0584476 0.0971169 0.603827
0 0.903879 0.840388 0.0503918 0.0992193 0.582405
3 0.0837619 0.740906 0.120148 0.2659 0.538002
3 0.359002 0.729724 0.054723 0.135739 0.482657
3 0.319048 0.758885 0.115851 0.212082 0.45457
0 0.68477 0.836195 0.0625362 0.105443 0.436703
3 0.172463 0.740671 0.092531 0.235767 0.362701
3 0.252831 0.753295 0.111213 0.242185 0.35081
0 0.470761 0.840176 0.0589676 0.104522 0.314417
3 0.0404513 0.726067 0.0809026 0.309464 0.296414
