0 0.407742 0.241294 0.119595 0.284799 0.678927
0 0.528791 0.31481 0.178466 0.384717 0.584539
0 0.643104 0.218361 0.091744 0.228583 0.564754
0 0.244829 0.373507 0.202761 0.490521 0.508446
0 0.309507 0.219514 0.101724 0.236229 0.476762
0 0.0895314 0.240702 0.123687 0.340399 0.428096
0 0.862668 0.335177 0.207019 0.435277 0.399666
0 0.885364 0.302348 0.20096 0.450552 0.372485
0 0.237578 0.325314 0.167506 0.447618 0.334258
0 0.748332 0.213404 0.0894978 0.247522 0.322573
0 0.0656812 0.34126 0.131362 0.456349 0.302304
0 0.310085 0.270717 0.123143 0.346854 0.281557
