0 0.0968777 0.640553 0.191202 0.385551 0.582723
0 0.119878 0.199231 0.122556 0.301283 0.503999
0 0.912853 0.465559 0.120607 0.326162 0.503074
0 0.677762 0.354186 0.136193 0.411794 0.374344
0 0.331772 0.339574 0.101673 0.348592 0.36299
0 0.594596 0.124126 0.118759 0.248223 0.353999
0 0.209245 0.271132 0.0928337 0.289976 0.350373
0 0.243432 0.548843 0.192428 0.436652 0.349421
0 0.91424 0.190592 0.112945 0.376364 0.323059
0 0.899705 0.865612 0.160153 0.268776 0.314667
0 0.113633 0.232184 0.152192 0.421641 0.310823
0 0.561662 0.481427 0.184713 0.394564 0.296909
0 0.540512 0.777589 0.0842573 0.306718 0.258373
