0 0.0662384 0.190554 0.130847 0.373303 0.584342
0 0.166501 0.214526 0.162029 0.421439 0.572714
0 0.195147 0.573381 0.240597 0.43047 0.530656
0 0.269721 0.206112 0.156428 0.412223 0.489267
0 0.890151 0.248061 0.194141 0.488182 0.484424
0 0.532888 0.500428 0.249033 0.477209 0.43949
0 0.389658 0.318872 0.208332 0.490505 0.430913
0 0.383207 0.256042 0.187134 0.417458 0.426567
0 0.0652312 0.752705 0.130462 0.488492 0.373155
0 0.639833 0.248065 0.184638 0.491871 0.345259
0 0.543806 0.437346 0.196781 0.48794 0.337302
0 0.481615 0.128825 0.173682 0.25765 0.333623
0 0.664811 0.272595 0.1687 0.459474 0.319867
0 0.880057 0.309545 0.221096 0.473974 0.253562
