0 0.22704 0.610678 0.109328 0.263807 0.735656
0 0.709478 0.600706 0.0847301 0.212351 0.682798
0 0.345718 0.810938 0.103331 0.152541 0.585479
0 0.634865 0.672389 0.130694 0.335177 0.571507
0 0.524459 0.687133 0.18551 0.430738 0.564195
0 0.0947643 0.655135 0.188942 0.422632 0.510169
0 0.901059 0.639073 0.196446 0.472519 0.506403
0 0.0833472 0.767919 0.166365 0.453112 0.370021
0 0.527321 0.639223 0.158727 0.342033 0.326559
0 0.894528 0.707604 0.210945 0.467321 0.28485
2 0.275151 0.502106 0.0460011 0.0441565 0.27207
0 0.832298 0.495138 0.0784008 0.205687 0.253259
