2 0.175398 0.702645 0.162308 0.144509 0.778471
2 0.676048 0.649811 0.185449 0.151735 0.757135
2 0.775678 0.819423 0.270387 0.229023 0.750362
2 0.222685 0.598024 0.134966 0.110966 0.749881
2 0.943986 0.635245 0.112027 0.158219 0.728835
2 0.174314 0.937927 0.306492 0.124146 0.637836
2 0.0409393 0.457215 0.0817972 0.0949675 0.619877
2 0.906271 0.558838 0.139635 0.115695 0.607479
2 0.254251 0.447831 0.107977 0.0933353 0.5719
2 0.850691 0.502596 0.147609 0.115724 0.554605
2 0.608026 0.525595 0.197666 0.1866 0.542438
2 0.792065 0.450725 0.125366 0.111343 0.428623
2 0.079511 0.393283 0.0818683 0.0704565 0.409653
6 0.257914 0.275515 0.0912959 0.0842736 0.382897
2 0.537865 0.390329 0.107616 0.101837 0.342878
2 0.485883 0.33947 0.0809964 0.0773767 0.297549
