2 0.113684 0.687151 0.114676 0.102069 0.744883
2 0.176891 0.818304 0.139045 0.125929 0.66373
2 0.325264 0.637907 0.100328 0.0844109 0.656941
2 0.678443 0.624602 0.0786537 0.058902 0.636014
2 0.414377 0.502216 0.0620444 0.0467451 0.572969
2 0.688304 0.551769 0.0652094 0.0505226 0.553981
6 0.938322 0.567102 0.117204 0.132455 0.525583
2 0.468565 0.555116 0.0766931 0.0620365 0.492288
2 0.523518 0.491692 0.0590334 0.0445175 0.398786
2 0.794843 0.530443 0.0543556 0.0484055 0.386159
2 0.571324 0.429373 0.0504882 0.0380086 0.3795
2 0.354526 0.477295 0.0559866 0.0434057 0.355311
2 0.483688 0.457352 0.0446434 0.0426559 0.32967
