2 0.900223 0.560229 0.141851 0.11772 0.715957
2 0.222934 0.869766 0.197882 0.164843 0.712241
2 0.0974613 0.672347 0.156594 0.136286 0.61288
2 0.735427 0.461611 0.107145 0.0912281 0.564946
2 0.35203 0.407873 0.0895352 0.0927309 0.503941
2 0.0522393 0.547737 0.102403 0.0850948 0.497707
2 0.547406 0.484043 0.106682 0.087026 0.455798
2 0.983703 0.59999 0.0325935 0.0970705 0.450622
6 0.175592 0.395518 0.102609 0.118795 0.433107
2 0.0804989 0.604811 0.120849 0.0928621 0.28635
2 0.450511 0.375322 0.0962643 0.0775838 0.26111
