0 0.553232 0.195054 0.186627 0.390107 0.567419
0 0.0902255 0.372416 0.180451 0.440186 0.51663
0 0.936332 0.169764 0.127336 0.339527 0.497315
0 0.104563 0.222931 0.20725 0.445861 0.448308
0 0.342109 0.239883 0.245839 0.470218 0.443294
0 0.728296 0.271348 0.280043 0.458831 0.408462
0 0.251003 0.251842 0.233251 0.49451 0.378787
0 0.437188 0.176309 0.155228 0.352618 0.374627
0 0.83746 0.22562 0.22198 0.451239 0.36529
0 0.678105 0.235497 0.199907 0.462491 0.323922
0 0.0715814 0.242348 0.143163 0.484695 0.261367
