2 0.867479 0.931414 0.214873 0.137171 0.796095
2 0.8065 0.810951 0.141509 0.121089 0.776731
2 0.420402 0.938471 0.142821 0.11543 0.766521
2 0.558752 0.835444 0.157248 0.128582 0.750089
0 0.7023 0.8988 0.116056 0.202214 0.624886
0 0.918584 0.809377 0.0824741 0.145658 0.508677
0 0.279929 0.912592 0.0999785 0.174816 0.476315
0 0.465867 0.757551 0.0520138 0.08783 0.434215
0 0.0627143 0.953483 0.125383 0.0927532 0.391731
0 0.154617 0.97439 0.122977 0.0512202 0.348354
0 0.913706 0.809862 0.0611652 0.133168 0.299139
0 0.417212 0.817287 0.0659639 0.120769 0.291498
0 0.23412 0.782347 0.0542793 0.110858 0.268037
