0 0.174107 0.169219 0.102954 0.181755 0.680402
0 0.766662 0.591789 0.134094 0.167807 0.641706
0 0.468627 0.340866 0.107556 0.233475 0.622976
0 0.351131 0.416143 0.097346 0.166991 0.622748
0 0.790101 0.299064 0.134365 0.232611 0.590757
0 0.234751 0.444698 0.111577 0.189841 0.576416
0 0.481415 0.657282 0.102185 0.171501 0.508241
0 0.59139 0.132785 0.117774 0.227068 0.507945
0 0.593139 0.253549 0.088715 0.173969 0.451373
0 0.738548 0.207281 0.105122 0.171874 0.40215
0 0.249056 0.333634 0.0922011 0.172785 0.357483
0 0.396569 0.916161 0.11205 0.167677 0.310987
0 0.416903 0.913544 0.160961 0.172912 0.27381
