2 0.922992 0.648907 0.149479 0.132209 0.763001
2 0.651565 0.761762 0.194812 0.178567 0.743977
6 0.837913 0.331068 0.0966682 0.130572 0.71435
2 0.395909 0.718993 0.170782 0.148775 0.651175
2 0.755563 0.534946 0.120425 0.106764 0.590982
2 0.50908 0.530894 0.117452 0.0937383 0.56651
2 0.136665 0.523701 0.120123 0.0954844 0.544293
2 0.256247 0.460089 0.0979862 0.0854914 0.537133
6 0.803138 0.234659 0.066095 0.083306 0.463399
2 0.892241 0.395862 0.0786213 0.0663466 0.440713
2 0.111161 0.422041 0.0859613 0.0715228 0.348851
2 0.716445 0.363406 0.0737263 0.0645174 0.276215
2 0.719274 0.243355 0.0349587 0.0307066 0.274925
2 0.655267 0.275064 0.0508871 0.0413043 0.270549
2 0.423084 0.372846 0.0516488 0.038067 0.260945
2 0.313673 0.398246 0.0699529 0.0594308 0.259024
