2 0.0712022 0.462723 0.142404 0.371442 0.567138
2 0.218704 0.175448 0.185072 0.167163 0.469072
2 0.223965 0.357671 0.312538 0.246615 0.449345
0 0.398933 0.744402 0.175028 0.468737 0.435989
0 0.268378 0.749939 0.212883 0.480597 0.419666
0 0.203131 0.518548 0.205892 0.477009 0.383602
0 0.410494 0.503578 0.209356 0.416052 0.372771
0 0.543887 0.513683 0.149962 0.301563 0.289293
0 0.0796629 0.812106 0.159124 0.372535 0.277623
2 0.0639486 0.160986 0.126333 0.152328 0.276227
0 0.435046 0.646352 0.232464 0.482245 0.262041
2 0.186073 0.33572 0.35346 0.210412 0.25428
