0 0.912255 0.60035 0.17415 0.422838 0.699087
0 0.587395 0.553972 0.17513 0.388902 0.675961
0 0.402581 0.507518 0.134885 0.319857 0.634205
0 0.788874 0.564611 0.171015 0.437295 0.594675
0 0.500011 0.48279 0.102671 0.259958 0.594284
0 0.234295 0.532926 0.161361 0.388534 0.579516
0 0.0628972 0.578887 0.125794 0.467232 0.541425
6 0.33516 0.246197 0.42202 0.492394 0.403097
0 0.690056 0.515657 0.120719 0.293589 0.315367
0 0.312527 0.465428 0.116201 0.248062 0.272213
0 0.577083 0.549126 0.136808 0.34742 0.253286
