2 0.112041 0.577726 0.224083 0.221275 0.757316
2 0.919999 0.645776 0.159974 0.302283 0.745517
2 0.746324 0.535856 0.211673 0.180711 0.680073
6 0.671657 0.374098 0.156913 0.219257 0.5882
2 0.939764 0.410971 0.106686 0.0876057 0.502975
6 0.275193 0.211792 0.0897409 0.0919082 0.483968
2 0.215276 0.402945 0.0854443 0.0676079 0.478792
6 0.336679 0.428594 0.118898 0.122556 0.474242
2 0.843523 0.379885 0.0808352 0.0792842 0.459871
2 0.206525 0.332015 0.0475002 0.0405005 0.384122
2 0.768945 0.348441 0.0533297 0.0463631 0.372618
2 0.170986 0.290106 0.0390579 0.0345082 0.331482
2 0.565374 0.384639 0.0526304 0.0445938 0.331435
